0
0
0
54183956
31081554
43278973
0
47403387
0
0
0
0
65974464
0
0
0
70838094
0
0
33704825
0
6145261
0
0
0
0
0
89777124
37916566
51071263
19335972
0
0
0
0
84800780
0
0
0
17414825
0
0
0
0
0
0
0
0
0
68882513
29919205
27956275
0
0
0
0
0
96745301
0
0
0
0
0
0
0
0
0
0
18758418
0
0
14198339
21954552
0
0
43366646
0
0
0
0
0
0
63258867
0
0
0
0
0
0
0
0
0
0
0
0
0
58823891
0
51215536
0
78318112
0
71634679
0
0
0
0
0
0
0
0
0
0
0
0
50894746
18634190
0
0
0
0
0
40048733
0
0
0
0
0
0
0
0
0
0
0
0
0
0
0
0
0
0
0
0
43871093
12151582
74635580
0
0
0
0
81870910
83267260
847473
0
0
0
0
57110861
0
0
91854907
0
0
60975570
0
6466700
10162228
0
0
0
0
0
0
91004203
0
0
37575381
0
0
0
0
0
10606756
14183856
0
80170800
0
11742728
0
45306085
0
0
0
0
0
0
17421596
0
65865642
0
0
0
75581956
0
0
0
0
0
6817764
0
17784599
0
0
0
0
0
0
0
0
0
0
0
0
0
0
0
0
0
83288483
74944857
0
0
0
0
28938088
0
99970508
62602774
0
0
0
0
15918901
0
722584
83530627
0
76763488
0
0
0
84592640
0
35118828
0
26482404
0
0
0
0
58574376
0
0
0
30807380
0
0
0
62068876
0
0
0
0
85576672
0
0
6242136
10659966
0
0
0
46978500
0
13678348
0
0
0
0
0
0
0
0
0
0
0
0
54281241
31662931
0
97816292
38102746
0
25989186
0
43914197
8060478
0
1662351
77411648
0
0
21657815
0
0
0
0
0
0
54198881
78347974
5376230
0
0
0
27929156
0
98380591
66976102
0
0
0
0
0
0
0
0
0
0
0
646292
0
0
64368645
0
0
53305757
0
0
0
0
98590234
20694111
0
0
0
0
49189902
58071526
55714869
0
0
0
0
47289651
0
66085488
0
91787401
0
0
0
0
77463659
0
0
0
0
87091807
0
19314586
0
0
0
0
0
0
0
56309985
0
56085491
0
0
0
0
0
13633020
61023514
85321797
0
0
8899280
0
0
73638933
0
78269583
59484961
79265466
15287744
0
8941461
0
0
8491326
1081853
0
47919519
4785870
65381691
0
0
90498912
0
0
0
0
0
0
0
0
0
64919535
0
0
33857122
0
0
99070669
0
27539017
0
61604863
89201057
0
0
11641344
0
0
0
0
0
0
0
61613189
0
0
0
0
0
0
0
0
2659218
65514877
0
1217765
46546560
0
0
24261415
0
97767790
0
0
0
0
0
0
0
0
0
0
0
0
42350563
0
0
0
0
0
0
0
0
0
0
0
0
0
0
0
0
0
0
0
0
3134912
0
0
0
7238463
32026893
0
0
0
0
79307939
0
13235726
56241645
75028093
0
0
0
66938834
0
10271279
0
0
0
0
0
35241825
0
9447527
18279730
84713197
0
77931704
0
0
53515072
0
0
0
0
0
0
0
0
0
90065399
0
0
0
0
2737792
0
0
0
0
4764267
85462238
0
0
0
0
89583715
0
0
0
0
0
37471665
0
0
68764271
85314778
0
0
0
92217698
0
0
0
0
0
0
0
90165689
72951561
0
0
21871927
0
0
0
0
0
0
0
0
0
0
38687023
0
11713796
0
54628330
7685303
0
86888616
0
0
0
0
0
0
80311904
0
0
20404750
84021678
0
9967657
53819605
0
0
74045569
0
0
0
0
598305
0
0
98750632
0
0
34439499
0
0
0
79333009
0
0
0
0
0
0
12962552
0
0
0
0
0
0
0
12713282
19593450
0
0
0
66268623
28968601
0
0
70343478
0
0
45458489
0
0
0
21794975
0
0
0
62734201
12160799
0
0
53313105
96267883
0
0
0
0
0
0
0
0
89922815
0
0
0
0
0
0
0
0
78659269
0
0
0
0
0
0
0
0
0
0
0
0
0
81555243
34060556
94175685
0
0
0
0
0
0
0
0
81522998
0
0
0
0
0
78992081
18886427
0
76879582
38310186
0
0
0
0
0
0
66874822
0
0
0
0
0
0
0
0
0
0
30778182
0
54419573
9210716
74710873
0
0
35919406
0
0
0
0
99902134
66136435
69628421
0
25039475
0
0
32508129
0
0
0
0
9664729
0
0
65339808
0
0
0
0
0
38033793
0
0
0
0
0
70674346
89431603
0
0
58907514
0
0
0
0
0
0
0
0
70841650
0
4041933
0
0
25286258
0
0
0
0
0
0
0
0
34180763
0
0
67291310
0
0
0
0
0
0
33036390
0
0
0
0
18831823
1169747
0
87813910
0
0
0
18741307
17389368
0
36822072
0
50903367
85078617
0
41568500
0
0
0
0
0
0
0
0
0
0
0
20055318
0
0
85336158
0
0
0
0
16346075
0
0
0
0
76616457
0
0
0
61483945
0
0
0
0
0
0
0
0
20187935
0
0
0
0
0
0
0
0
0
0
23144545
0
87998967
0
0
0
73718755
0
0
0
44416732
38497148
0
0
92441216
0
0
0
0
0
0
0
0
0
0
0
61243377
0
0
56253893
0
88230837
0
0
0
24537214
69735245
0
0
0
26521284
0
0
0
0
91540522
0
0
92973700
0
0
85020666
40087017
42250920
0
0
0
0
28152334
0
22607320
0
0
0
0
0
0
0
0
96454378
0
0
0
0
0
0
0
0
0
0
0
0
0
0
14974709
27595258
40683232
0
0
0
15272301
0
19470070
68163554
0
0
0
0
0
0
0
0
