0
84836423
0
0
0
0
0
0
0
0
0
0
0
78028063
0
0
0
0
23362736
0
0
47668858
0
85731659
0
0
0
0
0
0
0
0
0
0
83402941
0
0
40849011
0
31150766
0
0
98779596
0
24677157
85960295
0
0
0
0
6631839
0
0
0
0
0
0
0
0
0
0
72798288
0
0
47921802
0
0
0
0
0
0
0
0
19884755
0
0
0
0
72361614
0
0
0
0
0
0
0
0
0
81646691
0
0
48345605
0
0
0
0
0
83651589
0
0
0
0
0
0
0
51592510
0
88098564
0
0
0
0
0
0
0
0
98567630
0
10658250
0
0
0
7726092
16468210
0
0
0
63576900
0
0
0
0
0
0
0
36588220
0
82206028
0
0
0
0
0
24760275
0
0
0
0
0
0
0
0
0
0
0
0
0
0
0
0
0
99997113
2472166
18642193
0
0
0
0
0
12460638
54726809
0
0
0
0
73418441
0
0
0
0
96341497
0
0
0
0
0
0
25129201
87897432
76088563
45621930
0
0
0
0
93992372
0
0
0
0
0
57415957
0
0
0
0
0
5575403
0
76031052
0
0
4500788
0
0
0
0
0
80584970
0
0
0
97430298
0
0
27283008
0
94305147
0
0
35808552
0
71405717
0
0
0
0
0
0
0
0
0
0
0
69473275
0
0
0
0
0
0
0
57848436
0
0
0
0
0
0
0
0
72477006
0
0
0
0
0
0
38598719
0
71845859
0
80990242
0
0
0
0
0
89822318
0
0
0
0
0
0
71636175
72238976
0
0
0
0
0
85043465
0
0
0
0
0
0
0
19265368
20595879
0
0
0
0
14280906
17104730
86035014
0
0
0
67888935
0
0
56220241
0
0
0
0
0
0
0
56026561
0
0
0
0
0
18551598
48857633
83939030
0
0
0
58253166
21292748
0
0
0
0
0
0
16141530
0
74866220
0
0
0
0
57830738
0
0
0
0
0
0
0
0
0
66314185
15369225
68376499
0
0
0
0
73762431
0
0
61290286
0
74062025
0
58560535
0
0
45293849
0
69525114
97515540
0
0
0
0
12443696
0
10858183
0
0
0
0
16749587
0
32069843
11525855
0
0
0
30883458
19371395
0
0
0
91717232
0
0
0
41791856
64749902
0
0
11688717
0
13109139
16023469
92885640
0
0
0
87273973
0
19977325
0
37406216
0
0
0
11031419
0
0
22651973
0
0
0
0
0
0
0
0
0
0
0
0
0
59604499
0
0
0
0
0
85036970
0
0
0
0
0
0
0
0
0
0
0
72696338
40537833
0
0
0
0
0
0
49508266
0
70637679
21602843
0
14398664
0
0
0
0
0
0
0
0
0
0
4441126
0
15289425
0
0
0
0
0
0
0
0
0
0
0
0
4253409
0
0
0
0
0
0
84211296
0
0
0
0
0
0
0
0
0
0
46494990
0
0
0
27780263
0
0
0
0
0
0
0
49410698
0
0
0
0
0
0
0
0
0
0
0
0
0
0
0
0
0
0
0
0
0
0
0
0
0
75804895
32455841
0
0
96589264
71636175
57076031
0
58254048
53485878
87957810
0
0
0
0
95703708
0
0
0
0
0
0
0
0
0
0
94955140
0
0
0
85427131
0
0
0
0
26022341
0
0
0
0
0
0
0
0
0
5239231
0
0
1473082
0
0
71896846
0
0
68338217
80082801
81876930
0
0
0
0
0
56328484
73897468
0
0
87784501
89599706
0
23168745
0
0
34521399
3169509
0
72880085
72497206
96248703
0
0
0
0
85879348
0
0
7486599
0
0
0
0
28975174
0
0
0
0
65109613
0
18453357
0
0
83407768
0
0
66621574
0
0
0
0
96012711
0
0
0
96861606
0
0
0
0
0
59491395
0
0
3260367
0
0
24239713
0
0
0
69831039
16404812
0
0
0
79879604
0
40183197
0
0
0
0
0
0
6746032
0
51360355
0
0
0
24430563
0
0
0
16786566
0
57848436
0
67984891
17923590
0
0
0
0
97693580
0
0
0
0
0
0
11044902
0
56047972
43718533
0
0
0
0
58231714
0
0
0
0
0
0
0
0
0
93445742
0
0
0
0
0
0
0
0
0
0
0
0
0
0
0
0
67897569
95733774
0
0
0
0
0
51612663
0
69019874
0
0
0
0
0
55109074
0
0
0
0
0
23682128
0
0
0
11785730
0
0
0
3662746
0
0
8394450
0
0
0
0
89099104
0
0
0
0
0
85105676
0
0
0
0
0
33223916
43640272
0
0
62493056
0
0
0
0
85591928
0
0
0
16521299
0
0
27462725
0
0
0
0
61009792
0
0
0
0
0
70458425
0
0
0
0
0
0
0
0
0
32327310
0
0
0
0
88330344
0
0
0
0
53842587
0
0
0
0
0
0
0
0
0
0
1400625
54681229
13147348
95442599
60321586
0
0
83193512
0
0
0
0
0
0
81169491
64606026
29004381
0
16364813
94107768
59210706
92728183
0
0
868288
0
0
0
0
34860605
6941274
0
0
0
0
0
0
0
0
58746512
22798249
0
0
0
0
0
0
0
0
0
12157586
0
47864381
89167846
0
0
92219236
0
79277460
0
0
0
0
15324582
17470801
0
0
97218231
39104789
0
0
0
0
7717727
13070586
0
0
0
0
0
0
0
0
0
0
0
0
0
0
0
0
0
0
0
0
89756407
91193855
0
25779239
72961037
0
31913310
49125653
0
0
0
33138329
75364174
0
0
86677569
0
0
25429340
0
0
0
42069520
0
0
0
0
0
0
0
39000688
44816417
0
0
0
42527304
