1000
-465 261 420
-737 482 144
901 395 450
-918 62 1988
-303 391 1136
41 696 1401
-820 956 1489
-191 -413 964
938 544 1201
275 169 43
-342 -580 120
-456 136 35
-428 -452 1372
669 -418 1052
-650 773 761
738 436 1763
819 206 1167
780 -786 857
-833 -501 1905
950 -34 1714
900 -542 1208
-556 650 1880
279 865 1135
-673 -103 905
909 -618 1251
734 237 399
-676 -754 131
79 667 1174
100 5 1413
580 167 937
-72 108 978
993 -623 867
-983 470 1138
513 -859 1170
-906 425 425
411 -682 1113
865 -897 862
769 245 225
706 -196 1523
144 -463 1039
887 -943 965
-103 95 503
-405 446 364
744 -742 658
143 -609 10
443 -720 24
-368 972 1537
-565 -555 1693
354 -991 846
-466 -408 958
424 131 1031
-689 -672 1963
-756 -222 690
726 -403 1882
-661 -358 1812
457 436 1826
972 -521 681
834 -903 1883
-700 593 327
440 -114 665
-143 -613 408
486 732 650
432 475 1922
-539 -161 520
-589 -894 1638
-783 594 1023
709 -554 294
-408 249 1496
-17 -125 1334
-13 -807 1775
-633 808 1322
-100 575 1631
-16 216 1064
-799 57 1675
-948 -135 545
-815 243 1686
697 755 1080
-350 -610 940
-907 508 1301
-716 -398 973
-87 -104 810
75 872 389
-42 -784 842
519 432 279
910 -933 1043
-892 327 763
-787 216 59
13 655 1931
147 795 370
63 -58 1008
127 861 1293
-684 -154 439
520 692 1295
5 -453 1925
594 -493 567
-204 -151 1870
-957 -404 1895
967 -422 409
-808 9 1181
336 826 412
913 629 1754
-169 3 1821
-465 322 1331
-851 174 1176
-6 -771 1300
397 742 19
586 769 161
184 -804 876
-653 399 391
-860 420 244
-879 38 746
-869 -588 209
-773 622 1029
-874 -205 1092
-555 -8 1664
444 331 1167
-10 46 456
-587 600 39
851 -414 508
-469 345 393
952 101 752
-370 944 1533
2 555 919
-930 252 915
-714 -697 19
-543 762 196
-585 -598 1366
528 -961 1138
-486 -722 1651
411 -850 1116
-409 -320 303
541 790 1278
822 806 641
465 -437 296
-617 -904 440
-975 520 1138
3 742 288
-970 156 403
-103 478 95
-531 -979 769
-392 -647 720
178 559 463
-495 639 678
-327 -626 1605
760 -649 1469
-321 48 1949
-264 470 653
-234 -922 339
-280 -415 387
944 1000 1578
406 -658 1968
-531 952 1637
-833 -48 1023
593 -996 1064
-294 293 666
727 -282 902
183 -989 1997
338 -631 1907
-557 34 244
745 973 884
-401 -502 1511
849 723 1933
562 417 1112
-374 1 765
-633 -678 844
-627 -357 1340
-388 117 951
-963 380 753
-945 -949 902
977 139 100
19 -523 370
339 268 938
670 651 1313
576 -883 1621
-743 509 1239
218 -323 300
676 562 1500
330 470 1101
-704 795 1848
45 -484 872
715 162 416
-965 214 892
-693 426 1737
307 -388 1097
836 -274 565
-596 12 1288
-603 -309 874
239 857 1812
-7 -757 138
-575 158 799
248 528 0
-466 976 663
935 312 702
85 438 1406
686 -394 1073
890 690 594
159 -317 1384
606 199 1442
72 -699 1787
780 -686 323
809 473 1167
569 941 1193
-237 -480 1999
-933 773 360
901 -110 1166
-309 -928 451
-722 200 617
-835 -701 521
-474 635 1795
621 865 1555
993 -149 1778
-783 937 578
-570 -150 176
136 -423 146
783 -184 1148
-493 18 13
-152 899 1302
66 797 819
-30 969 969
-791 586 1996
938 -555 1163
986 -215 596
276 -264 191
-900 -446 187
-436 -5 353
-384 525 1562
594 -277 395
-59 857 1383
-2 290 1932
806 167 1303
-235 -291 905
-212 -489 818
686 792 1324
-243 256 269
95 820 1425
371 752 183
-984 -274 1720
-320 679 1469
500 240 1461
333 59 1963
431 -711 885
-158 137 203
207 -362 1949
-727 294 1152
169 51 562
82 361 675
-583 577 87
917 -326 1649
957 398 9
-655 -26 1428
-55 -834 1726
-261 927 1872
-112 611 56
-381 634 1859
-211 -83 53
499 -347 1734
159 511 363
781 594 200
267 -775 383
-680 306 469
-987 402 1947
-533 -865 718
46 74 1517
661 937 894
-787 80 1493
-593 612 495
-775 238 629
-773 34 1546
-302 396 1556
8 584 531
-570 779 1848
-350 -822 86
-812 -262 351
399 -261 1940
593 590 1736
836 -713 613
192 -811 1631
925 -190 1989
-489 669 1595
481 -523 263
-617 -627 572
146 -60 314
767 772 1315
707 861 1660
272 152 1559
638 -945 408
-124 437 1528
-882 405 293
308 481 622
-591 -124 900
-107 -848 933
64 188 1745
724 -814 1047
-322 833 746
620 -375 311
201 423 1595
-389 2 1799
168 340 1224
13 -964 1568
251 -93 680
443 148 1281
-954 -71 679
224 103 1867
772 960 697
-18 -967 1269
-451 -900 1703
330 -346 21
-322 -276 830
121 749 1658
232 -726 893
936 -718 861
-45 -316 1219
-788 -163 1238
-403 10 160
448 -389 1200
674 -883 1348
-632 357 168
-55 -48 1642
240 921 1369
329 269 818
485 579 1562
-802 -108 337
-130 921 1594
-795 388 92
939 -275 1410
-637 -426 590
91 743 1644
863 606 1727
669 691 1154
794 943 507
-938 474 792
-242 -496 1831
609 -480 252
462 -607 419
-8 366 321
37 -685 54
813 -712 600
-89 -707 1317
-705 631 1735
321 542 1205
964 -615 1228
-680 -555 1684
211 635 1050
-727 -535 1223
-961 124 243
-815 61 916
-377 -138 1228
-870 -802 1282
251 710 300
756 -485 978
-1 -869 1118
279 -598 1869
437 47 1131
-831 -391 999
708 -736 1963
779 167 390
414 665 1931
-184 -328 628
901 261 1470
881 908 603
136 277 1830
-867 625 99
179 -791 607
105 -258 1079
-188 376 541
48 32 1600
692 437 340
873 280 1427
861 228 1922
238 -486 649
459 557 157
591 712 1618
-30 927 1837
869 -127 1035
-420 -816 1305
199 289 979
-851 7 1297
-590 -12 1394
-10 -717 624
-274 -149 905
-176 -576 1857
-263 -499 1117
701 -597 111
-693 -624 344
-777 -658 232
-794 -72 749
-249 642 1934
328 912 1412
777 485 402
485 95 1912
-405 -631 1863
594 -65 1000
-399 321 1969
-950 148 732
-713 -438 951
280 -85 949
-793 -850 1761
-474 -104 1966
302 912 277
491 990 105
-983 292 1991
31 759 733
-719 -286 1706
-484 -235 1427
-613 517 101
-53 148 1649
254 -544 1338
536 -168 1754
-692 806 1610
-69 -865 912
359 -179 1148
33 -603 619
616 483 426
-127 -191 1832
421 54 1705
-885 -27 738
368 284 724
158 382 1524
78 -311 611
-829 909 634
-840 533 285
432 595 1341
146 777 1994
540 -133 1924
-50 418 843
132 760 232
667 636 60
649 515 268
791 -885 1628
-358 412 732
743 924 594
525 64 1645
-635 -756 211
-735 -21 555
-532 -266 1240
876 -778 669
-388 81 134
-467 -417 1394
-166 897 713
238 550 1718
-551 753 279
-211 172 1595
990 251 1953
627 801 1011
-699 -659 1897
-777 -394 1891
-812 9 1674
758 -18 1867
-427 -855 1268
-677 457 614
50 763 469
727 627 276
-386 687 1370
-883 -19 1018
-498 -237 423
-609 814 535
296 -988 1959
677 96 1034
-56 95 103
816 641 1768
29 539 500
563 758 1760
178 28 504
88 675 1521
-273 89 705
144 74 342
830 367 1981
-236 170 69
-877 829 961
570 196 780
-802 -502 1166
70 327 907
389 -789 94
-769 978 1206
-981 -759 1235
-806 -848 1735
482 -154 394
-311 400 1306
-689 -617 1361
249 799 869
-714 -429 1050
642 -32 343
-350 948 1641
-411 860 1758
-952 -938 1916
997 -357 1336
-340 -518 688
15 726 1392
-197 759 1785
-992 456 518
578 -240 1921
861 -1 738
152 323 431
524 -927 782
862 886 1168
-777 789 1384
-517 -368 719
-948 837 1046
-724 886 1042
-349 -270 680
383 632 939
-388 944 40
991 724 1008
-898 909 889
-923 -78 61
-273 -118 1515
-634 814 1795
-916 591 587
-934 -74 850
-413 -765 1960
547 -41 876
-935 648 872
-542 -525 127
618 445 294
807 465 1687
-548 16 1178
-851 -745 1482
-895 -182 1427
-54 888 1638
-844 -344 1470
576 -968 1369
-167 -913 46
745 -941 1546
409 151 1024
367 546 424
-477 -535 1776
241 120 290
388 790 702
153 -483 445
-495 -431 418
19 -138 584
-779 346 1807
918 936 114
33 845 1236
967 62 1741
-400 68 1750
681 432 1874
-231 -457 1738
741 -694 1387
624 439 605
26 -666 862
-938 951 953
959 2 755
-243 -948 1165
-81 -104 1364
462 -639 1016
-885 359 1917
189 373 1603
431 341 1103
-240 -7 600
-104 -298 1108
-259 354 169
488 734 994
51 702 1568
721 45 1693
153 -961 1390
-96 318 1119
-898 490 396
29 164 518
-735 -896 980
394 371 1585
635 532 1359
507 876 1319
-966 945 1704
434 406 479
435 595 536
-466 -193 1673
879 -960 547
-402 736 974
320 738 493
653 734 536
961 -516 799
-695 91 1602
-305 -158 1836
-809 901 1488
-66 -42 1826
915 608 1785
877 -76 139
-510 -907 1694
775 40 723
811 739 1820
992 596 939
51 253 765
-638 -441 1782
-886 -678 411
-788 -313 1728
321 -731 81
408 -834 1551
-817 -118 1741
687 41 1670
660 216 101
-569 519 686
-584 328 1770
804 -841 1698
916 -263 1129
198 -422 1441
147 307 360
928 -352 469
542 476 1157
244 428 276
794 -540 378
-908 98 988
-234 504 8
-82 812 1650
825 -319 1101
-301 21 1958
-338 -133 1924
-149 746 1671
-66 428 956
-447 70 277
40 291 1059
870 313 1994
-893 -199 1725
388 961 88
-226 193 1062
-268 -918 375
-420 799 954
993 517 1792
46 911 214
180 699 386
977 -746 1887
60 -306 646
-170 617 784
-397 -92 927
-570 963 1535
903 -493 445
530 -875 144
516 -495 1401
-193 -11 179
978 651 1613
-619 -144 1848
-633 -829 672
162 -61 1027
754 -450 359
-179 663 18
-564 -269 1383
-843 584 1267
-899 64 862
180 -473 1863
895 80 871
916 778 358
-17 -814 1522
20 -17 1431
425 -806 836
798 -95 311
768 -961 1391
128 -64 1151
881 837 874
16 -998 1299
250 -780 1704
187 990 695
469 -362 998
429 944 342
-253 -455 879
129 680 300
-303 91 1829
-682 738 490
60 -217 1241
-152 648 1114
48 618 559
924 806 1082
-80 -648 1849
-997 -548 1847
-10 -9 1189
873 748 639
-67 -265 322
0 558 1648
778 -399 224
1 542 449
-452 270 1184
83 599 1169
737 -121 725
-236 553 1958
-93 72 283
942 813 1113
-92 779 293
-832 978 314
581 -257 1732
150 11 1357
-702 986 610
466 575 305
-801 583 1892
819 -654 1477
153 388 1736
-726 983 358
-284 729 598
-242 921 1856
-926 -67 269
-795 -361 1639
-981 -452 1880
-690 174 1573
192 41 1287
-564 -826 916
354 -970 716
714 960 283
-544 -744 874
479 187 293
116 806 860
993 -896 465
328 574 690
463 365 846
239 223 1627
-140 831 659
-977 -93 821
182 -838 715
-45 929 1227
96 -264 1081
-940 -625 372
-483 513 113
-842 -651 462
377 -711 242
318 -145 1220
-632 -564 35
-191 -596 503
519 -125 1786
184 515 1141
-372 175 1049
919 719 1741
399 112 908
-328 -274 1759
221 -669 627
-816 962 78
-996 -963 1317
-882 -535 503
-251 437 167
-318 -710 1732
764 -518 396
-283 -882 72
-743 -223 612
-583 832 1411
-153 318 1382
-86 -934 1358
226 714 1996
-855 109 1987
580 -282 2000
-949 265 1434
73 784 1230
835 -170 780
-647 -209 443
-822 298 410
299 -209 29
-821 -868 252
92 -131 1307
-909 593 1157
-215 -650 457
593 151 740
460 379 464
946 -640 1565
517 717 514
819 42 1142
-762 150 229
383 -945 789
425 75 356
119 696 853
-262 -852 1921
-671 -450 1829
92 -223 1625
-716 -365 1829
-211 408 1662
200 -80 1579
328 -152 1820
494 -465 1318
-893 -160 1698
-812 802 519
866 -802 166
504 349 1903
-438 -174 1578
438 -736 1378
268 -573 1096
-350 -401 1435
-969 -793 979
-927 -479 1787
-930 -63 1057
846 500 733
-204 815 814
988 -903 27
-367 -181 396
122 -791 1813
201 586 1042
812 -792 109
58 -249 1773
-542 905 427
-540 276 807
-4 -391 540
-722 620 1200
195 895 1040
39 25 1364
-669 445 910
-646 247 466
89 872 1638
293 889 1030
513 -856 742
-947 823 1910
567 -625 1480
743 851 331
445 968 1318
444 -849 1797
-500 -971 143
-723 799 752
1000 481 643
720 -603 77
193 -268 944
589 -670 398
0 910 1831
926 736 634
-249 892 1537
324 -650 414
6 -181 219
-347 -107 1667
-311 577 131
291 -568 1083
658 -807 1510
-898 -446 150
-147 -616 1620
-510 800 1224
961 -429 1989
-613 656 349
826 985 1030
-618 -106 459
-547 865 1816
512 -390 179
-315 -391 831
-77 -395 644
-979 642 819
66 535 1810
899 45 698
293 -781 593
648 950 1983
216 -252 200
110 853 1369
482 482 1557
-464 102 1109
-952 -645 1568
423 -503 511
-45 -657 1204
806 -140 1994
916 687 112
786 -649 1821
-960 868 1155
389 519 1593
867 -33 1369
-456 -38 1106
669 496 1653
731 -643 1599
-543 235 1390
435 -142 1946
-348 296 1414
-115 -347 544
826 912 1664
997 -266 1833
354 266 495
353 -36 183
15 -636 441
192 124 1823
-878 894 1544
-904 -325 1220
-857 -803 787
212 592 1155
-214 -275 552
-311 166 1950
480 -547 693
-156 -467 1983
994 -937 727
406 -420 1165
213 -668 995
319 496 1438
723 -30 1320
745 1000 1530
-177 -245 663
48 -945 1317
-86 328 85
364 449 1376
306 -411 762
864 681 1506
476 -214 1524
307 533 732
955 -709 1015
596 578 4
-920 81 1083
550 118 1721
-257 -888 433
-876 -655 47
264 792 623
774 -260 1461
-853 -562 264
544 406 937
292 -716 787
664 536 1898
-30 -891 237
370 -854 1116
-565 -687 1327
-186 -148 1125
986 522 1153
881 84 10
-302 -116 639
-378 -84 224
-607 352 1192
284 843 745
691 40 1841
597 -81 103
796 -364 1794
-838 -926 1062
-99 -737 1367
-204 -407 151
-531 -418 1817
434 -246 244
522 -731 277
931 994 683
676 57 1437
911 642 1599
-758 871 1822
938 -771 365
363 -274 1747
-273 -89 215
349 -165 1637
764 911 838
88 -770 671
454 38 1267
910 -859 1443
-753 266 7
-886 -565 1634
581 -890 518
11 -962 854
437 -838 21
8 -92 1548
-309 -844 1656
-787 365 1969
-118 79 1297
-357 -942 281
-562 -827 1491
-218 -373 1442
-983 332 1269
-45 -381 100
-725 -274 1567
-626 428 1786
417 -880 448
-143 -422 1178
-104 938 89
-601 63 1002
597 345 610
-575 927 616
976 -970 925
-572 340 15
332 133 1055
726 395 498
798 -682 887
671 -322 1703
806 699 105
-606 -585 1070
953 797 1770
-675 694 1739
190 331 965
-733 -836 1304
35 563 116
586 964 1817
722 -705 627
206 3 805
587 111 1251
156 187 1215
657 723 735
-358 313 1638
256 49 876
-488 647 1844
-301 -899 1159
-934 -892 862
41 476 344
142 -657 792
-461 -932 1401
288 -360 546
-968 -652 1584
761 863 354
697 293 1949
-351 -295 1001
-426 -720 1519
-6 4 145
436 -845 428
-994 -412 870
-932 722 1127
-678 849 807
-86 -862 1253
-363 -47 1459
-988 -86 797
752 -546 1586
667 147 1872
-631 147 1108
788 155 441
129 -31 1525
-729 -499 1134
689 589 1962
929 0 942
972 -199 1721
264 -451 1047
-902 601 112
-33 -69 827
-612 596 1907
-433 726 201
4 782 36
-266 791 579
-280 -723 1028
499 -980 97
