1000
-63 49 195
-91 14 117
27 61 87
-57 100 35
-55 35 20
51 77 9
-41 92 85
-42 -24 43
35 65 115
57 36 49
-15 -24 21
-93 29 137
-43 -88 127
54 -12 140
-100 36 197
18 51 86
53 32 30
83 -56 41
-48 -68 138
4 -21 13
65 -44 5
-27 17 188
74 95 142
-2 -83 197
29 -56 18
27 29 105
-91 -17 44
51 75 169
51 72 51
55 49 82
-1 35 111
6 -86 165
-65 91 199
14 -11 60
-74 78 200
99 -99 30
0 -99 28
58 98 186
28 -5 98
15 -19 52
7 -100 56
-82 67 104
-51 99 190
30 -85 172
84 -71 169
64 -65 159
-32 95 100
-70 -69 103
23 -89 72
-52 -18 199
87 53 188
-94 -51 142
-74 -18 135
68 -93 178
-56 -5 48
35 61 83
48 -24 81
22 -99 116
-53 23 30
26 -51 128
-75 -25 129
4 97 143
37 71 2
-94 -66 121
-98 0 198
-16 45 90
72 -47 69
-42 33 56
-57 -100 2
-66 -42 80
-54 72 179
-42 21 110
-43 54 77
-30 56 154
-74 -59 53
-52 62 159
96 74 183
-48 -91 190
-14 45 119
-17 -28 178
-81 -65 24
87 21 149
-48 -81 146
24 4 111
62 -76 68
-54 5 118
-19 81 62
35 65 92
36 32 136
63 -62 150
72 24 93
-81 -22 169
76 28 179
38 -68 80
46 -50 99
-86 -64 145
-93 -39 95
68 -3 103
-69 9 68
36 91 46
56 40 26
-19 4 3
-98 67 68
-16 13 132
0 -91 31
28 52 148
59 2 116
80 -2 120
-94 3 58
-30 4 145
-94 31 68
-79 -9 35
-17 22 120
-23 -31 183
-90 -92 50
63 81 159
-24 4 198
-71 18 90
4 -32 148
-47 72 36
44 86 47
-88 9 96
30 12 148
-52 83 135
-7 -52 160
-72 83 106
-39 -70 184
61 -43 106
-85 -59 112
66 -42 159
-96 -7 15
71 69 15
32 47 53
76 -27 200
0 -65 200
-40 81 199
40 72 111
-67 47 160
-89 80 104
-66 0 1
-87 -34 3
87 41 133
-73 23 78
-84 -25 165
97 -34 35
-90 26 167
-77 24 116
-80 -25 72
-84 -25 51
74 13 0
11 -48 162
-40 84 110
-67 -82 18
18 -48 173
-34 87 150
53 -39 86
7 -21 161
12 -87 98
-11 6 118
92 98 83
-41 -61 92
81 31 142
53 85 182
-65 35 132
-31 -11 193
-34 -77 17
-67 56 54
-92 76 12
-75 -88 110
30 48 124
78 -80 184
27 87 44
8 95 14
75 -55 16
-52 14 27
81 -55 198
41 21 0
80 9 69
-46 45 48
30 -87 140
69 16 101
-86 3 4
-78 24 51
46 -72 197
30 -28 115
-34 73 40
-33 -47 22
41 52 183
-34 -80 120
-9 68 79
87 10 153
-90 97 96
9 75 45
22 64 80
65 -54 80
70 77 171
20 -92 46
98 37 152
38 -68 92
69 -83 113
83 35 123
33 66 191
-2 -85 106
-10 3 144
48 -89 47
-56 -50 16
-39 1 119
-39 -36 113
-11 8 7
49 9 160
95 -33 173
-61 77 143
-9 -23 194
75 -54 86
35 -46 23
-49 42 172
-83 82 15
19 66 36
-94 70 180
-75 80 154
93 -68 26
84 -73 137
17 -14 161
-53 -98 112
-62 -83 53
-13 61 188
54 -39 116
-32 0 102
-80 22 75
81 21 151
-92 0 122
-91 -92 71
72 87 181
-87 28 98
70 58 114
4 18 165
-18 -16 61
-20 21 80
58 90 126
98 73 28
65 -67 195
-33 27 101
5 -38 20
-80 37 33
25 97 130
23 5 24
-29 56 90
30 -47 41
10 19 3
-52 -64 93
-56 -65 100
-45 34 51
-40 18 74
-26 79 41
-31 -84 86
7 -86 78
47 48 57
32 95 29
88 -46 83
-35 14 1
-34 40 165
-11 -66 157
95 35 143
47 8 12
-30 73 2
-72 90 24
-69 14 14
-55 96 25
-26 4 38
23 90 42
-13 23 198
-2 -54 179
-23 -35 174
50 -41 77
50 38 107
1 -99 82
68 -85 98
91 -33 123
-36 47 191
72 -91 152
-62 -41 122
62 -9 41
18 47 196
29 63 13
4 37 152
54 -16 84
-80 10 166
-97 41 155
72 62 127
-72 -3 156
-3 -41 171
90 20 137
8 -6 132
-68 95 200
27 -49 107
87 66 125
-61 7 56
47 2 12
13 -50 11
93 -23 80
38 38 78
-64 -72 184
66 33 1
68 32 94
-95 -74 153
-34 -96 143
25 -27 162
-2 -20 68
83 13 200
66 -80 92
93 -2 90
-85 -3 133
-45 -57 164
-13 97 91
37 -48 126
27 -12 187
-53 89 6
-19 -55 49
86 88 100
25 27 83
25 4 170
-34 -96 28
-67 20 172
-23 35 176
84 -75 99
-75 -91 44
94 10 165
2 84 161
5 22 140
79 18 183
-43 34 141
-29 -89 130
38 -38 165
43 0 116
-28 88 93
48 -96 186
8 -74 126
-66 -79 150
-100 69 19
86 100 68
57 -91 175
-44 -95 49
2 94 78
-20 -74 170
-25 13 117
-33 9 100
-35 -99 169
-98 -13 46
67 58 45
40 -87 90
-3 -75 146
21 -7 171
91 20 72
-88 -36 51
23 -40 148
67 54 99
61 18 77
-29 -5 121
32 36 117
91 68 0
18 5 81
-79 39 126
99 -57 172
47 -94 188
-69 42 136
28 6 16
63 53 25
7 12 89
95 100 158
74 -11 160
74 62 166
44 89 82
-20 28 64
85 -39 45
-82 -25 123
74 66 175
-51 32 37
-29 -21 110
-10 -98 81
-26 -99 173
-52 -60 114
-36 -81 91
73 -20 198
-82 -27 176
-85 -47 61
-2 -66 182
-92 17 50
24 68 182
10 59 168
11 60 166
-83 -73 138
70 -3 142
-54 67 175
-11 7 171
-42 -65 177
2 -73 199
-93 -72 12
-94 -16 31
17 70 7
8 52 138
-41 23 188
48 16 10
-93 -25 98
-39 -29 149
-14 37 137
-97 43 17
23 -48 198
70 -24 167
-11 34 167
-66 -73 165
11 -85 92
34 -60 61
62 37 141
-15 -7 77
68 28 160
-50 -87 147
11 9 88
49 95 12
44 -13 188
-8 100 88
-24 56 198
35 78 60
64 87 155
54 -76 100
-47 18 177
68 56 187
5 23 177
26 81 16
1 -12 167
-51 0 150
81 12 162
14 48 178
-6 -86 121
-95 -93 108
-32 -26 175
91 -16 36
-66 68 50
-41 -28 200
-14 27 152
10 89 152
-65 5 42
-53 58 83
86 17 198
60 21 180
-42 -16 25
-26 -64 142
-57 58 21
13 -58 94
-48 -72 191
-82 41 98
81 62 55
0 10 162
-74 87 14
-75 -43 31
-74 -30 117
-15 3 1
36 -87 162
93 81 50
-78 81 103
13 8 172
63 27 119
71 2 164
73 34 162
3 55 168
-25 78 195
5 51 123
62 25 73
-3 13 39
-84 42 13
60 69 24
-87 -65 98
37 23 148
87 -85 58
-73 70 159
-19 -40 197
-100 -89 172
56 -13 175
-42 89 37
-58 0 5
76 51 8
-76 -98 21
12 -92 79
-79 22 60
-52 26 33
-57 -82 5
92 -24 187
-99 -13 157
58 12 198
-25 67 117
-37 22 185
69 -57 187
99 -19 3
61 33 197
100 -80 155
59 75 76
-95 39 7
-24 -29 128
-62 8 191
-48 61 130
-59 -78 86
6 98 183
-55 49 34
99 12 171
-67 70 190
-28 -42 40
-44 0 51
-77 98 13
-75 50 176
-28 -56 22
-45 -39 154
31 -51 60
-98 11 38
-67 -97 142
78 43 162
37 52 73
-88 64 104
-70 -15 18
-66 -28 47
-29 36 66
-97 -85 84
75 -53 172
-26 -82 82
23 -29 34
98 55 37
51 69 142
-1 -84 15
34 92 161
71 66 162
91 -51 4
-90 -60 28
59 -99 185
-84 38 34
46 65 147
10 71 24
75 84 73
-47 73 4
17 80 71
-17 -85 82
82 -73 118
32 76 77
40 -81 10
-13 37 191
23 96 74
-22 0 169
-14 -74 62
84 -65 92
-43 8 9
87 29 55
44 62 77
-88 -86 162
-1 -94 4
-69 53 37
76 35 166
90 26 23
57 42 55
90 -34 46
-15 10 138
-66 31 63
24 18 98
-93 -5 152
11 64 43
43 47 87
12 44 110
-16 54 84
38 8 164
26 49 59
-58 -66 128
54 -83 199
-72 2 80
52 82 193
9 61 149
71 -7 25
-30 12 105
-9 -44 99
-87 41 27
-35 -88 44
98 61 6
35 -72 190
-60 -48 68
72 76 78
12 81 146
7 96 138
40 97 72
-20 -18 15
-64 -63 135
-49 -37 0
92 -39 126
11 -90 198
-24 -6 34
41 5 155
55 42 128
-63 72 128
-64 83 156
88 -71 195
6 -39 88
80 -62 109
17 96 108
30 -29 7
39 77 50
30 55 144
68 -66 96
-26 82 163
-77 6 146
-9 77 144
64 -80 141
-57 27 41
-94 -67 199
-7 100 54
-89 89 143
-70 14 148
86 38 99
75 75 95
-34 -13 93
2 69 85
-36 42 108
-33 -65 81
-35 46 48
58 53 22
95 3 1
82 13 146
23 -81 198
30 -22 52
-73 50 73
-3 -8 192
-13 31 170
7 -28 175
54 -66 93
39 -25 132
-67 -100 131
91 33 83
-11 -88 105
-11 -81 186
44 -25 106
68 -6 98
-1 15 192
-16 -25 111
-69 97 154
-36 22 4
1 -92 66
58 0 85
21 72 133
-10 -84 151
80 -12 141
87 -47 170
95 -19 104
54 -88 95
40 -45 26
96 46 4
40 -3 123
43 -82 87
26 22 2
86 -12 101
48 90 24
-69 -4 183
84 19 57
-20 97 131
-72 39 82
25 -38 80
-85 74 169
92 0 34
54 67 146
-89 -38 175
-82 -19 92
-50 -89 97
47 68 3
-36 -44 25
92 52 172
92 -15 140
1 90 44
-27 79 89
8 5 149
95 -93 167
-66 5 53
-18 22 19
32 85 162
-74 79 14
-28 14 50
47 -64 136
81 75 154
-15 76 163
15 76 98
-14 9 44
63 -36 163
68 68 128
-89 98 181
-32 65 67
-43 76 125
-48 -6 194
-94 -69 100
-78 -27 56
-58 5 13
62 71 171
-93 -27 193
50 -16 128
66 86 64
-28 -70 169
22 95 176
61 79 89
96 -90 66
38 50 189
23 54 123
6 61 88
-74 32 134
-55 -38 77
62 -38 199
-71 65 132
48 -17 79
-76 -53 3
-10 80 53
-71 -63 57
0 -6 68
82 -87 74
-18 -40 74
-89 -67 140
11 -64 91
34 72 184
-46 64 161
81 2 172
51 23 5
-68 -30 133
3 -31 96
-44 96 159
-69 -13 93
-58 -30 2
-42 33 23
-92 -71 34
61 -14 156
-15 -36 51
-53 -12 126
-4 23 97
-82 36 164
-75 -45 98
46 22 193
-82 66 94
44 -93 11
-52 43 111
21 36 108
75 -10 75
-82 -73 20
-68 92 128
91 -47 83
-19 -44 3
63 -29 83
-45 25 101
-36 -39 118
11 56 167
79 72 182
36 -56 173
37 25 133
38 32 20
-5 51 1
95 -18 27
35 58 83
0 90 169
-19 -48 37
-47 -84 128
93 -89 80
-88 -64 119
-27 1 45
97 -50 13
56 -93 62
98 -82 145
-11 -12 165
-15 64 165
98 -47 82
49 26 64
-5 -88 144
12 -66 37
86 -61 73
-20 -87 127
-70 -55 142
-15 -5 194
-67 -29 163
40 81 58
-75 28 82
2 -67 21
-15 -64 36
44 -1 145
39 71 13
68 -61 64
34 -88 87
-33 54 19
-74 76 165
-74 -11 105
-8 32 75
22 13 170
16 89 164
-94 8 178
-70 80 112
52 75 30
43 78 49
77 -69 166
-88 19 2
92 -23 10
73 9 196
24 22 139
82 -83 156
-5 -28 188
-56 55 35
3 22 61
69 -12 110
10 -12 71
86 -29 158
89 37 100
77 8 37
-82 3 91
34 -50 60
5 -21 63
-39 -33 143
-10 68 17
15 -3 6
52 -42 154
-37 -71 198
-7 -87 84
-83 72 156
6 -67 195
-35 3 55
29 54 166
-12 -10 27
-11 26 130
27 -36 131
-8 -72 45
-54 -55 116
-98 54 24
90 38 166
71 81 86
51 -49 2
73 7 186
24 -50 149
98 78 106
70 69 114
-73 42 77
-45 -28 131
15 -95 97
-93 -53 97
69 -76 38
29 18 16
68 -40 60
-78 7 111
48 83 81
16 -68 199
-33 -74 77
18 35 9
97 -93 36
-22 88 25
79 -13 80
-88 7 64
-56 -20 175
90 12 116
39 -19 30
75 27 99
33 -36 6
65 -40 3
52 30 188
-71 8 200
-67 -14 77
-48 -68 37
81 88 165
-68 -2 114
-66 64 90
84 -51 48
-91 -56 174
37 -23 16
66 -46 199
71 -29 26
38 6 91
60 -45 126
55 86 0
-74 -31 162
61 -17 138
-4 84 160
38 94 164
12 -58 186
71 19 162
65 -31 60
64 16 57
11 -36 169
81 81 49
-4 80 54
83 13 137
-41 -22 25
-20 -12 65
75 63 137
61 -12 99
-27 -25 66
23 24 85
5 -48 76
24 81 155
-74 -41 183
15 -24 141
-26 -51 85
-43 -67 195
1 64 34
26 10 76
-68 -71 135
-73 -33 26
-61 95 175
88 82 64
39 6 101
30 -22 64
74 -86 3
-81 -86 60
-97 -53 92
-24 -42 13
-68 -29 194
6 -24 1
26 -2 91
81 23 44
51 65 156
59 11 108
-82 69 13
68 -9 41
63 -18 7
-85 -41 155
64 -21 122
26 67 94
56 -66 62
33 27 127
31 -53 27
-44 37 157
0 -80 89
15 -82 161
68 -47 125
81 -97 9
87 -99 54
-9 -54 177
-25 36 106
-33 70 127
-53 -20 47
-86 -96 156
-78 -94 68
-57 88 102
-82 -14 106
-72 -54 142
-88 64 169
38 -27 100
-51 -27 92
-95 37 188
-39 20 48
33 16 70
-73 71 112
92 -26 13
-15 3 66
51 67 122
60 98 171
78 -37 128
18 -51 44
97 98 168
-84 -91 32
92 87 33
-38 81 17
88 5 98
-83 -64 137
80 10 173
58 5 80
60 -83 75
40 25 1
22 30 141
22 44 63
39 62 84
-78 39 27
5 6 72
-88 99 35
-48 -10 37
-81 -56 139
76 76 164
66 -70 21
-46 -61 147
38 -76 144
-28 -30 18
42 68 120
4 18 116
-37 -55 167
-86 -53 19
-47 1 79
16 -26 116
-71 -86 159
-38 64 143
-88 55 96
-26 -80 128
-8 -92 28
-38 -51 41
87 -86 185
26 87 60
-47 82 16
52 12 36
57 -81 142
-19 -52 42
65 42 9
67 -22 60
39 -84 146
53 -60 15
-35 34 118
-98 -70 83
-23 12 41
-91 22 171
59 96 99
-85 8 66
-96 -49 101
51 -50 163
