200
6
100783784491105322 794025109118406756 607448001310455875 32379294340162561 187410077611241462 591636141349926162 
6
732002988570702300 526270741974438974 571093542585967533 136511022678801422 479389520581658925 822667185835002420 
9
116982250280015228 829615587522555992 784783767246392836 507955073006893806 845278049156503252 398071883328448576 33019232288896465 989576057594619795 915283950143719697 
4
416850669134590613 8857564219895037 173731873461333966 761495750876370838 
7
595116810428431431 222308386572765794 985614280287738391 686659474126776127 759989704362483925 33085398265471288 197819999571503444 
6
280942759641035042 243971386646795402 175685656639234163 817513383707324775 513158051662838746 614556124484513483 
10
489756163960524374 358331064359445008 455720462142459967 2385809134484629 484445105548811511 676728007192129183 799950448036824760 211485292335331039 232804688881984175 772934690384767794 
3
101902183280542741 38933214136160928 978471925651694907 
4
895396693168571569 791345053384400416 894710969491537601 858026950809412828 
1
142522409481064659 
4
575016260415530237 13754951970557107 917234673028044456 455430559170258402 
5
477382485089709777 633386531796819904 294870457236271177 728781793999336992 619700356059706980 
6
868639003225374385 701396846514073396 745515961852169823 472167596695662285 471752529568652269 176025528567358111 
7
714827416024787187 301102161390876030 293184669397266904 370534533795086926 145984046859538027 444999532979452193 791043556267286959 
7
332353557390353858 736791779267550517 437597765936847641 817151905922212213 707226524727674632 318558570274695799 59391077828770069 
5
453293773720966104 32977932117644754 338600092093254050 978347873716292627 682229706786624687 
6
634374665853382725 200596706435995821 912286993835300537 322430592244309070 184072576831512768 378079900053322099 
3
633193636797170344 523035629307117671 245022253944025297 
10
617516925649576529 322705917818227196 498910598899313110 236841726544394758 172437992588437385 63825276665783838 93971408592722206 213259725179997398 260190737230348286 503826270932487629 
9
589252199141771431 866175373165406941 995328687711338277 231435439323333610 308020268986035794 90579683953366154 54053948789192159 77879647794721806 609016860954452317 
3
914763714788710621 389749627455407543 2854661368897453 
6
404612470365761359 602739932491616133 15712988834883765 257195840172288375 823204077206157477 689443086633695629 
5
150343712651571297 36436712054859009 833586124602132381 18459337834242096 250712238635726412 
10
266644063928664826 495740795065291010 209931983783915993 978134793824196630 143788213918602459 522937252677117946 415965989911904188 672551373428541212 633105055620740634 610080314076608190 
9
850663099508171613 138764220453569566 626390581832257388 475837869540104505 508915596447672488 814658634397005335 727447514799717854 173303971342203976 567026570374872318 
7
610242784907693270 856068265676136766 650487883267463044 480047134972659778 84111938227979256 553645299755923387 270270792849210032 
6
943867471531605453 330683848742642625 55717032779167130 831706385425132158 827507415964578962 786927689249651577 
10
577744313232342490 603881159999824947 215408517382619505 815114407255784454 152159048359248570 928667603266086768 386694817122867663 433821666790332628 893233362429692393 767500344369682521 
3
104985415918595644 907023692797905077 725186983189415568 
6
906672821744543326 610684108476411332 969932532357808024 991225913782122989 686069383993759734 206514365876805052 
6
860422676310606696 956645534764700940 39207857646583889 423441018987261776 495829329550458397 691098484727709152 
9
266951559514254323 873518614412301885 844508754031848098 403207182170125628 739199184457032609 133372421645434092 64519521547380385 714389104235983537 97983754443653765 
10
72954993138322280 377461738090044297 97245538113489433 533127357357605461 673153120967748584 768952750216033447 681316874774723662 778488402225679595 510199389344295802 598188432865193584 
3
417019462440862031 606385180575862799 595416999671045562 
9
391929994868540533 773310194475842626 499415032461594647 845838031103948619 903093773357332919 945418756377120127 262034948976403181 545955892002541571 683250372498978512 
5
925824641457760305 780165427665962844 712955807709172380 66982192835133236 447097242316868383 
9
642494793417207838 266843531146875758 541425887368817434 174387080867620682 600359812558670289 47031160430232480 635175110681284296 898891073957721071 961714057376650719 
4
608685545849253570 322851679525684593 343687707011193017 59281873343057687 
4
686033181003765015 989255090947209457 641230919518082516 743298540717475252 
8
304288749247464471 835258663363181815 88266443715957167 839653066380172215 808846274919332003 243896252139825938 604824034418676942 378578223250847899 
6
122714829966299715 307129956202122617 19950715060113760 834634945400201583 656238122416165691 404635239725944438 
3
515648639880215753 65015064096133207 241156124315337529 
10
576173488891212225 162523034643624558 974836748090716495 919954508740955808 621523301156021815 366835504407582148 561176253515849253 336322367144328378 977352384679202749 55353196498196779 
1
206658315084143297 
6
993281741572943752 209714423197450758 400655488598177746 941480513087876220 508370980452290068 342334963036628479 
8
599352875363971401 708410500545731009 369471062342461492 84368902363319455 871771621667746506 522515799032775287 782996140182713383 269501530813397871 
10
548714284710872296 439730586477436712 332123918933004018 679896445874614779 714027788804405984 489619763212933699 527513203953692392 299526889687996803 92843375531865122 212592042401290057 
4
332916140628898079 947761667225259083 792850009410948181 962165397726860934 
3
185736479157625362 158424829008216518 110631520756120783 
6
110689060863114216 906345557647663697 721811891854160693 828245055686779024 419182011955105540 375880879935617915 
3
378426099951046682 247629443624614119 216616475221824773 
2
854643129635234965 774315421858128335 
5
448863520799360897 190440916959376301 672817510030070014 221961107859177164 686638822339887983 
2
783979062748079937 295312172948102240 
9
499365208380490560 459117239295823818 17968946501353189 44797317376321716 647093163388994752 965895275699513029 73849850370081477 224534434746239318 738256375094386759 
2
90531804857111391 827245980707236069 
1
877165904605141862 
10
305544452966144094 327393772190498574 990875616134324316 692694170755037237 524907714743852255 539745699417331874 658401081862342976 453837134155632369 744312865229790599 204714976245374770 
2
538560441679018974 104768508156709654 
4
579748515511557886 130813023974781089 811393452780098838 285439899557466921 
9
681402571479969271 116961346535735289 677962395387869076 247009853391983626 344225281705531901 945388449041805134 503550864850086679 31583129036508772 401822875865068505 
10
970278048764277884 139457875136264216 593335723915088555 374704845928553538 902941104580566497 860178497260678810 874548582949952746 180845341073547301 901425016993568910 235132164611507114 
7
317034792646253482 541684156893372456 359957195931208028 304735176880529348 587560223783198504 388184780946227277 427883467554348765 
9
891826976428763753 613455312447815128 477173337350038864 56379244978849968 64698765720076774 576636263166305752 809704027842032637 501906693715592440 720783111570397075 
8
899461435141235469 199619629888819623 294713799927069423 613560239457749831 858359269588039370 575261299253166917 26175573310687181 437185263925404345 
2
183380889044736089 574416890024643599 
3
700223169595656871 350955666482662265 499441155718460227 
10
239480081220366645 671305571094501769 578363033523214358 487711593534351779 580644787850168908 342894497830562163 333132352532236551 180012076937255955 428453357096167909 856316105050629003 
6
685149095787475050 120306250279563144 516645775696210109 595612037122311146 271455569792268243 222630956611177615 
5
306142964690148059 424191234829822987 139665051170326970 282983826028410840 364259721810250310 
1
950359103141522262 
10
95254383227268984 486337206867089275 213202435715662081 431738280639652269 593494445037861644 62048446503609231 334236690269639147 184207704952968545 624367338549033935 134156390643319212 
6
92823147800983755 882315676331279918 219845615027850066 415256083655388294 672477922173308656 506189501137080342 
4
753650094707125947 300401803875340356 797342033335050130 581949089808612018 
7
771142225793502388 107054984652478305 448595543528910668 744721716341241052 450478106343064145 189234766082071655 138674137468585962 
9
117051575200883452 772556705013585917 889377462973419746 713091501575045629 658923772953979197 180593206481374712 900474001588869112 360270772765585568 789889959675448521 
1
869555277998805415 
3
316290448353146811 416791691222236696 131141511451231587 
7
951143459517635539 878870428111248669 611182693557494710 847750985870910334 209600066573179991 444074482472528388 311185916287772839 
8
541192684288562484 28129598097833534 98083404708985585 384992524490869375 361363532131991122 889908778627088893 428895625848764127 150476824775879336 
9
473537672656960277 483948137726720845 306617737102802317 421222348899014835 10072853072091220 775608179527316897 408964917244561916 380842585643135383 9239765835189113 
6
724977580586887747 509946697064268008 866996531324599600 218908148017120641 732123473863791437 407991489408206860 
8
979592000677539302 85616459252258939 809318797652146849 755749088151245534 772974136657014439 598998119844128892 349825909184918290 826737460564013097 
8
945500203063401902 203982801911701049 446104410506834901 223628523495129580 160057327439817303 619439402831134118 357431674953484959 288560536819692240 
5
966272209902798791 140544522569669487 976452860762488102 167726846035596358 907167755880304382 
4
168513241571038954 519051349101636692 173871396381119255 72074246418975305 
3
512854801979173521 348642733575191686 361558803809869310 
10
166897646548206443 551038829594837945 41502374312787448 518811526742782792 571175058127288781 391517895882431201 240380215595134427 862580631145731445 949513097609473604 485422312967152650 
4
504459988189213269 896635953145469299 450609852900909451 241055229881014121 
10
825275118358093531 65268997809008772 155319265770743609 498142705644610845 847127078001909098 557082656769562129 515734127695666626 64901592606699344 34814314721530296 777917416234245837 
10
149232281556006783 857512705855417256 293879099829547485 695433338510848671 987762930596344385 651380907697270156 293861359486769115 529669106943705192 810996960666147970 746961081275231965 
1
109160597850477948 
1
599177782545738260 
10
466905907342658031 964695605708258201 796066398706612527 93056258819591086 744915259026155452 820294575462999689 562785851723996917 892593977168483591 479005805795274997 100807646368185548 
10
686558858592708223 351477375909231657 805396358480364264 591565863280632600 80197978422510835 977320298883363913 822260332586927095 708433052275346591 621581384081113563 151899572295144665 
7
443666868089017766 330783516127927688 335807527684614676 210151649687147979 781849632624684536 914051107645093759 516626407160941582 
7
353707492170756372 471111858461802748 512402975754574042 165002850631487911 840978853976599037 596987743399249398 645538591982419310 
4
187082551486711569 998468565499993336 293789321255742222 582839997750933964 
7
250688699097660639 768148012589377117 92636740017245421 373956581780484890 621742928592626888 577413291453382312 28148958412667128 
8
114683722163837787 153449683343448790 595410820488058015 942595876517340380 840531854052146174 236759259464637420 378672524964945159 21007350684609248 
9
286546940442343787 941891472125458028 292701717652652977 639825861109285837 975783532770575811 477694661233658617 952559064599832214 674445620343996096 174836628100427037 
2
978929956205161456 477469074935346090 
1
661024566075040568 
7
436701923842351267 745132792148556109 119317634730998263 128958810076295335 803117503927297019 581563284388076303 801348913577521636 
10
420859872246826385 603772249312694587 743848229168035155 642799062311362167 688705929100413807 704845988329789889 219893300603433572 964249241351321967 795581427816006002 991551682432452666 
5
14981745860467617 155236817208528464 770865023087732953 758396097483659705 730617973115461871 
5
741174888088549105 371797560159797444 283971621381904234 894029738044720962 300080235166876723 
1
207962547010687019 
10
982420863438630829 868978606504199178 572392185701062320 124564609533362773 373572588270940239 309669160256990171 192283460331954849 421433695117716862 270890475707207763 659529507694933075 
5
743368333904025923 865034762677824428 353645461600971908 166208715753305759 197767713884026129 
8
134030244527068817 927417106257521755 601139052851491788 673662642764688572 103428288352005806 619416535047261954 665415097428557975 855453462823117990 
1
490118988220054726 
2
954079431970400641 461405646583903572 
3
546994832455623681 997151182663338209 65806293423486505 
8
152290715897425679 229533415314308795 837090468651403558 226589658303076240 776204124121451740 585789851573395329 441509949678180042 24255080276941336 
5
626296365208445975 503716905648996356 541503719934219775 368873230724824646 811419215926888477 
3
291475318205858910 469491260959822768 954857781422874815 
3
264869305023732077 285177719776626154 319316929174321284 
4
500915756875694944 267783999529856590 865731774788426839 399851558199180722 
1
581871885497377736 
7
120033108245477751 373680900974257842 74750386080658898 79199550298325494 914500759038749205 533905124200126263 269897797401477509 
8
878601363904276001 967360889555215828 41157651487455825 62241484354831541 800942523650044696 659976552691836146 226056133498894071 651156630436445232 
1
372926411906931979 
2
122635271659054736 416678636843700520 
4
275859952346725428 405003456043160525 678711761634513333 283863402572265778 
8
419966149345388772 46078751832666560 379357069645883142 153466377144726895 911130796887373752 91967003142339806 889073655942976221 589646931508824650 
10
101329598414742970 74973766986189011 793317852316866991 656924316260696408 507155135806511808 660227654249298966 146282785569796809 517892396758284810 411528671184411151 993033343373403457 
3
163720308963181270 893491963917648260 139750064286005963 
2
645531607307429504 86324500967641823 
1
948439700591996339 
4
460063890581576133 15213135695184661 503531079106846277 136250256401254893 
8
650657885719504123 282541512398712475 448344663257385577 111811189276013951 335203652026402856 944542994817955842 595865024832485040 941583805112007955 
7
951309505822514974 302453136655071733 550999211333031063 593657865363016890 884249265149280405 270257756016726325 100215778576826513 
4
66338329611527383 372803892725272811 129006381162182294 805985415896687869 
2
509572557029149103 321355598002906181 
1
561017442359740175 
7
158141560634980090 343277913882578852 566210230046522281 356937510173604724 963889592820036001 473357079844428810 97994730342809404 
8
943745935315533401 595371612841691868 23779641380804068 758231998006437018 145511068339600784 174204061832307005 690399837948305447 318963066271849790 
5
212249675842956451 998396803742465798 478752404555114358 950195298397786463 411721119587238892 
2
917666514461938512 14870363496843764 
5
654920844183610443 904233348051560485 324501081605903690 69235747322177396 939821555571574375 
1
842340260730406288 
5
666195304072926048 576444209664449818 536370610375939744 936793926357594940 885417664854552425 
7
587477412815658761 702683401378395965 246456403637776813 300585317824877074 818001671158842383 22750042576368729 468637809514312600 
5
532231851202168986 330712162864514227 53798685674377176 80361425911264609 599423631745459509 
10
472556472382694438 76118645593144842 921376364330380375 334864234883916174 675789252533199549 881598736817799636 110027159445964164 35388377658927556 842715600894661285 504040645733169435 
2
825740718652790104 989588706062298717 
8
143885062338971299 942468829203283858 366523507255315232 720122019579009916 240930864067453254 905175278918991045 276703151586150687 654946665463848574 
7
167921180840268504 541694880938341531 121516044989982497 273455272672894826 594654156209003344 817256235827379023 303601124222072517 
9
304750460163984918 139164211250092203 473665941068710774 195206814891758614 681748976102242017 485647394582688665 141769115145629119 548551473669610337 867458587597770371 
10
817315389275072549 593680595793858320 580757167350729489 696954822113911234 846780463500789824 131882789551386128 934579998804023650 675121369874344146 102781726439897406 700240603819685667 
2
351154276814938925 162372184390495629 
8
887953535361433363 412897487037275364 585909221750306223 271111380697044164 54151188215275196 469968391516230458 104884959545094663 807111126880192254 
1
440298093969363386 
2
843693250697677906 817452736824024256 
5
130248360849813808 151123673422592695 635980545721725 60442465758700262 371211243750763888 
8
178619128000492797 115343759052811428 693172121366789122 125294024771595166 891434378795575006 528717768720105731 589699367173364735 816072488382125132 
4
873950339824830235 340763282899483455 183910357830391494 957656437555251134 
8
109567265503244171 498216905406515009 237637860066121469 405767873104529898 593929278211069948 442827759258737376 416251983325332811 527784939587109017 
5
493408729916064380 737548175494937412 120391754678051303 786680046681332673 796212138905734178 
8
73120800681558166 207951074179207458 743471050738381875 78669134582786290 184300459658810780 904655225044542008 138671074914159118 572412478821260568 
3
64774565318656642 687705545586766650 973115236929570374 
10
149929272906986912 361526945888112598 802145705009049227 318485112419921349 161407249946504210 540001373712172992 290672840043623441 652054337756981467 324959913712736017 392604788871275628 
10
883259661689759886 906179546190336504 989776705195447402 827516482794211147 819146199768524384 29442829606445223 880514450028380034 508928009873738522 509381718876205649 370530694450607739 
3
365767657463001802 14255748335759069 153850094922391648 
4
351820615704486006 60743329734334194 263465752421277354 247134390432053253 
9
319851688427466594 704501131468539955 961381091727269012 563980054528441929 955853576163186473 7959460403318045 700490168504688267 866911227580296085 647816806170685818 
1
310110184870777622 
7
378660658105452222 210865880131973510 786737480199248591 316087501988048767 78057031781021278 153300779156004297 727965090307089185 
7
903395223910822264 911615453107732641 841305314940812098 646644526106064529 452639246117813496 213424903786083118 950055515157275102 
2
633947078466537657 83715405477603834 
1
869585068942487691 
9
860197156504520470 76758090627269779 631137120911235110 58227704114516024 528070248863769640 225052699191663381 91238894254590671 374754363307526744 61544836185842812 
6
588331192064835206 242784478535268921 172884141978130249 306565848292475593 847729966723538069 808159612316632853 
3
951818554604148270 457889185175321524 285930530562570266 
10
924113183474406578 71769634607033139 424915754299407304 463252220084203256 470484584036218769 447623254000141390 379356192028128084 744747692169095023 105443657601229529 486572068713206578 
5
588233107541661954 151266291223334247 869527185085242654 731352898087324579 417110140120789918 
5
802786855395560527 893172092029621447 548700671257537526 788587981240348242 189277460315729445 
3
620457960831257073 508270533433475076 142817485912608002 
10
889816301035092380 236355257268764072 908825932585898942 770407258132025330 275093497501470347 638749790172059304 285827696224018386 609607736392779430 353413927942554240 611389143160218331 
6
914405354559809399 565612567107244016 566614192110614040 235994298174908552 490807067321153949 984238242834419855 
5
406808231712535093 706682970424606951 218080919312053649 546969323092043093 707782301866758248 
10
267330874536695486 776089651699563177 136426149839468475 630286333429012351 220344496849175515 233123709069450003 350215391569175310 486527549451501898 576499988015362795 460842037839718291 
4
107560773761219528 275949537808766598 322448925215704984 550792759331031340 
8
119985202792958454 903646237925199982 211301772835699778 658648657747691976 322055603324972862 942448891355897798 829143476101068374 92556368327714441 
3
642705075952548261 202947894310089435 663791275097577483 
3
439605195543315977 270753797088753182 890914380530476025 
6
140701740648954675 5871202012838497 862976839565189834 819612472231678722 663857620611875423 507878759971960460 
4
289423441494874001 756211362167968936 909254802739191720 63728510649687644 
6
53204785850154160 481601349001550247 183352442655833840 550049841609272665 92677362329975191 520416191320829825 
9
373220432111094608 846135984275522120 56146997144096610 681580556136671135 556334863224807050 174629865427180820 13528436531714705 718842348185167676 297833592357993556 
4
901932502864840845 270343652565496035 714972313651223252 867902050544418939 
4
411696364269312636 333541046006524434 79194839263294946 374527975804674688 
8
80875977463995652 759546288016022326 309220646413913389 586647202936552658 891980812325123355 944981144808645380 877129500631186607 547375548651412316 
4
744238074924924166 164055088714228219 873163587769673288 828457281795705256 
7
9185899422952944 229924058225253014 597182860900626938 516670406380629679 651907514764032393 470424486874790264 116125596255205041 
4
271567377070497744 96245297573302855 98659063542233623 306038016351141354 
1
752173652392204826 
3
507717850640762310 425863019171467482 394493221692155571 
8
750051229743787067 387782283631837552 543140292468573146 769817780490455020 77176957714701215 499843471194350409 110889179916473603 722356308101168872 
